8.724934053666259098e-03
8.724934053666259098e-03
8.724934053666259098e-03
1.406295400501964867e-02
1.660425110446051358e-02
2.324379833159007785e-02
2.536213881370523449e-02
2.856302891563292784e-02
3.363697580203681148e-02
3.891066921825031555e-02
4.534360504914045770e-02
4.900375276281356690e-02
5.329814117327331957e-02
6.703051905046059078e-02
7.582482661194800411e-02
9.083253587158965359e-02
1.139609383213825849e-01
1.284022153748307360e-01
1.786921347970219232e-01
2.561204162859414546e-01
2.765283182378206472e-01
2.753211747598375836e-01
0.000000000000000000e+00
0.000000000000000000e+00
