1.015228426395939021e+00
1.015228426395939021e+00
1.015228426395939021e+00
1.040609137055837463e+00
1.056701030927835072e+00
1.104166666666666741e+00
1.115183246073298440e+00
1.142857142857142794e+00
1.203296703296703241e+00
1.264367816091954033e+00
1.321212121212121282e+00
1.360544217687074786e+00
1.438461538461538458e+00
1.574074074074074181e+00
1.551724137931034475e+00
1.696969696969697017e+00
1.759259259259259300e+00
1.846153846153846256e+00
2.454545454545454586e+00
2.285714285714285587e+00
2.076923076923077094e+00
2.571428571428571619e+00
2.000000000000000000e+00
2.000000000000000000e+00
