8.858796310141910796e-03
8.858796310141910796e-03
8.858796310141910796e-03
1.345765927793866196e-02
1.822557327614207287e-02
2.627806777028455359e-02
2.834874612255458906e-02
3.210440358839895120e-02
3.660004746392253594e-02
4.078758171499548973e-02
5.108933752236681503e-02
6.947880266094053070e-02
7.565132585964010059e-02
9.587888558461660216e-02
1.037820593655842949e-01
1.317490229216055631e-01
1.246042640795825551e-01
1.784519340703190626e-01
1.993132461671098254e-01
2.160101379087649154e-01
2.683281572999747788e-01
2.469817807045693592e-01
0.000000000000000000e+00
