1.015463917525773141e+00
1.015463917525773141e+00
1.015463917525773141e+00
1.036269430051813378e+00
1.056994818652849721e+00
1.111111111111111160e+00
1.138297872340425565e+00
1.205555555555555491e+00
1.255681818181818121e+00
1.302857142857142936e+00
1.388888888888888840e+00
1.652482269503546153e+00
1.765151515151515138e+00
2.000000000000000000e+00
2.148148148148148362e+00
2.402061855670102997e+00
2.384615384615384581e+00
2.343750000000000000e+00
2.454545454545454586e+00
2.517241379310344751e+00
2.600000000000000089e+00
2.299999999999999822e+00
2.000000000000000000e+00
