1.000000000000000021e-02
1.399999999999999856e-02
1.959999999999999937e-02
2.743999999999999218e-02
3.841599999999999182e-02
5.378239999999998022e-02
7.529535999999996398e-02
1.054135039999999496e-01
1.475789055999999211e-01
2.066104678399998951e-01
2.892546549759998364e-01
4.049565169663997821e-01
5.669391237529596284e-01
7.937147732541433021e-01
1.111200682555800734e+00
1.555680955578120805e+00
2.177953337809369394e+00
3.049134672933116796e+00
4.268788542106363160e+00
5.976303958948907535e+00
8.366825542528470550e+00
1.171355575953985628e+01
1.639897806335579844e+01
